-0.015908658504486084 0.7656705975532532 -0.034966301172971725 0.6420847177505493 0.6287745237350464 0.9339751601219177 -0.19997861981391907 
0.006969101261347532 -0.01577284187078476 0.008954929187893867 0.9998112320899963 0.0 0.0522545650601387 -0.011846553534269333 
0.006830812431871891 -0.014251009561121464 0.010140104219317436 0.9998236894607544 0.0 0.05778944492340088 0.011023926548659801 
0.005404955241829157 -0.013157122768461704 0.009581133723258972 0.9998529553413391 -1.0556978516943539e-19 0.06162893399596214 0.0011833360185846686 
-9.523453627480194e-05 -0.013073189184069633 0.00896349735558033 0.9998743534088135 -1.1364889052398349e-19 0.06693855673074722 -0.004563413094729185 
-0.00163074501324445 -0.013978955335915089 0.00547590758651495 0.9998859763145447 -2.0299702410874898e-19 0.07825291156768799 -0.015494492836296558 
-0.0034443119075149298 -0.01354046817868948 0.00019890593830496073 0.9999023675918579 -2.6062770551168997e-19 0.09771855920553207 -0.009409227408468723 
0.0012235702015459538 0.00011016723874490708 -0.00010450796980876476 0.9999992251396179 -2.9879387067367495e-19 0.10856296122074127 0.01622484251856804 
-0.04790876433253288 0.04261637106537819 0.00902475044131279 0.9979013800621033 -1.329268258380205e-19 0.04924779385328293 0.007360131945461035 
-0.020411541685461998 0.014767349697649479 -0.005512741394340992 0.9996674060821533 -1.8639612960026913e-19 0.04960425943136215 0.004339810460805893 
0.016517627984285355 0.03606138750910759 0.011552448384463787 0.9991462826728821 -2.0676638276257656e-19 0.04970017448067665 0.007871733978390694 
0.02282986417412758 -0.004161789081990719 0.00925028882920742 0.999687910079956 0.012686271220445633 -0.07827169448137283 0.07751482725143433 
0.0057058390229940414 -0.05292482301592827 -0.6512511968612671 0.7569929361343384 0.13329128921031952 0.033434189856
