[[-0.57720058  0.87817349 -0.25682714]
 [-0.57588654  0.93064918 -0.26757218]
 [-0.57575188  0.9882477  -0.25559137]
 [-0.57570986  1.04985163 -0.25347495]
 [-0.57606563  1.11682458 -0.25748658]
 [-0.57619084  1.19499408 -0.27339601]
 [-0.57622823  1.29261342 -0.28378416]
 [-0.57620772  1.40113143 -0.26726131]
 [-0.57817095  1.44659941 -0.24705427]
 [-0.57913155  1.49631435 -0.24442385]
 [-0.57734033  1.54560111 -0.23443994]
 [-0.53557735  1.33261764 -0.19011871]
 [-0.46061204  1.21333699 -0.20307436]
 [-0.63039759  1.26352759  0.03976274]
 [-0.38195896  1.28381796  0.04611772]
 [-0.62872834  1.34261503 -0.18907444]
 [-0.67416437  1.20916125 -0.1771927 ]
 [-0.51610862  1.26091437  0.07311927]
 [-0.76460927  1.27593525  0.08710639]
 [-0.49300775  0.82274355 -0.2224628 ]
 [-0.52037467  0.43205568 -0.29913517]
 [-0.50158976  0.01292191 -0.26418027]
 [-0.49357363 -0.08877884 -0.13560954]
 [-0.66887808  0.86204213 -0.205089  ]
 [-0.65216632  0.46498645 -0.24158707]
 [-0.55898078  0.07604945 -0.37308728]
 [-0.56699691 -0.0256513  -0.24451654]]